sbd,toan,ngu_van,ngoai_ngu,li,hoa,sinh,lich_su,dia_ly,gdcd
02000001,8.00,7.00,8.20,7.25,7.75,5.25,-1,-1,-1,
02000002,6.00,7.25,6.60,-1,-1,-1,6.75,5.75,7.25,
02000003,9.20,7.75,9.80,8.50,9.00,8.00,-1,-1,-1,
02000004,8.20,7.50,9.40,-1,-1,-1,7.25,7.25,8.50,
02000005,7.80,6.50,9.00,-1,-1,-1,4.50,5.00,8.75,
02000006,7.40,7.25,8.40,7.25,5.50,6.00,-1,-1,-1,
02000007,7.60,8.25,9.60,-1,-1,-1,7.75,8.25,7.75,
02000008,7.60,4.50,7.00,3.75,8.25,8.00,-1,-1,-1,
02000009,4.40,8.00,-1,-1,-1,-1,5.25,7.00,8.50,
02000010,7.80,6.50,9.40,7.25,6.50,7.25,-1,-1,-1,
02000011,7.20,7.50,8.80,7.25,7.50,5.75,-1,-1,-1,
02000012,6.80,6.50,10.00,-1,-1,-1,9.25,8.50,8.50,
02000013,9.20,7.50,8.60,5.75,9.50,8.50,-1,-1,-1,
02000014,7.40,6.50,9.00,-1,-1,-1,8.25,7.00,8.25,
02000015,8.00,5.50,8.20,7.25,3.75,5.25,-1,-1,-1,
02000016,6.60,6.00,7.80,-1,-1,-1,6.75,7.00,8.75,
02000017,8.40,8.25,9.60,7.50,6.00,5.00,-1,-1,-1,
02000018,8.60,7.25,6.60,2.75,8.50,8.75,-1,-1,-1,
02000019,6.20,7.25,8.80,-1,-1,-1,7.75,8.00,8.25,
02000020,8.80,5.25,9.40,5.75,9.75,9.25,-1,-1,-1,
02000021,8.00,8.25,9.00,4.75,8.75,7.25,-1,-1,-1,
02000022,7.20,5.75,-1,6.25,8.25,7.50,-1,-1,-1,
02000023,6.20,5.75,-1,4.75,3.25,5.25,-1,-1,-1,
02000024,8.00,6.75,6.60,6.50,7.50,5.75,-1,-1,-1,
02000025,7.00,7.25,9.00,-1,-1,-1,6.75,7.25,8.75,
02000026,8.40,4.50,8.80,8.00,5.25,6.00,-1,-1,-1,
02000027,6.80,8.75,7.80,-1,-1,-1,7.75,7.75,7.75,
02000028,7.60,4.00,6.80,1.25,7.00,4.50,-1,-1,-1,
02000029,7.60,7.75,8.60,-1,-1,-1,6.25,8.00,8.00,
02000030,8.80,7.25,7.80,4.75,9.25,7.75,-1,-1,-1,
02000031,7.80,7.00,-1,8.00,8.75,5.50,-1,-1,-1,
02000032,7.40,6.50,7.60,4.75,6.75,7.00,-1,-1,-1,
02000033,8.60,6.75,-1,7.00,7.25,5.25,-1,-1,-1,
02000034,7.80,7.00,8.80,-1,-1,-1,5.00,6.75,8.00,
02000035,8.20,7.00,8.60,5.75,9.00,7.50,-1,-1,-1,
02000036,5.80,5.75,-1,3.75,5.00,4.75,-1,-1,-1,
02000037,6.80,7.25,-1,4.00,8.00,7.25,-1,-1,-1,
02000038,7.80,7.25,8.40,6.25,6.00,6.75,-1,-1,-1,
02000039,7.00,7.25,-1,-1,-1,-1,8.50,8.00,7.75,
02000040,7.20,5.75,8.80,4.75,7.25,6.25,-1,-1,-1,
02000041,8.60,7.25,9.40,-1,-1,-1,8.25,8.25,9.75,
02000042,8.00,4.00,8.60,7.25,4.00,4.75,-1,-1,-1,
02000043,7.00,8.50,9.20,-1,-1,-1,8.25,8.75,9.00,
02000044,7.00,7.00,8.20,-1,-1,-1,7.25,7.50,9.50,
02000045,5.20,7.75,7.80,-1,-1,-1,7.75,6.50,8.50,
02000046,7.00,5.75,6.40,6.75,7.50,4.75,-1,-1,-1,
02000047,8.00,6.75,-1,-1,-1,-1,7.75,8.00,8.25,
02000048,8.40,7.50,7.00,5.25,8.25,7.25,-1,-1,-1,
02000049,7.00,7.25,9.20,7.00,4.50,5.50,-1,-1,-1,
02000050,8.20,7.25,9.00,8.75,7.50,5.25,-1,-1,-1,
02000051,8.00,8.50,9.40,-1,-1,-1,8.75,6.00,9.50,
02000052,5.40,8.00,3.60,3.00,4.25,4.50,-1,-1,-1,
02000053,6.20,6.75,7.20,-1,-1,-1,5.75,7.75,8.50,
02000054,8.40,8.00,9.00,5.75,9.00,6.50,-1,-1,-1,
02000055,8.20,5.50,-1,7.75,6.25,6.00,-1,-1,-1,
02000056,8.00,8.00,8.40,-1,-1,-1,6.50,7.50,7.75,
02000057,6.60,7.75,8.00,-1,-1,-1,7.25,6.25,8.25,
02000058,8.20,7.25,-1,5.00,5.00,6.75,-1,-1,-1,
02000059,6.80,7.50,9.40,4.75,6.25,6.50,-1,-1,-1,
02000060,8.60,8.25,9.60,3.75,8.50,8.75,-1,-1,-1,
02000061,7.00,6.00,7.20,-1,-1,-1,7.50,6.50,8.25,
02000062,4.20,5.75,3.80,2.50,3.50,4.00,-1,-1,-1,
02000063,9.20,8.50,9.60,8.25,9.25,8.25,-1,-1,-1,
02000064,7.80,7.50,8.60,7.00,7.50,6.75,-1,-1,-1,
02000065,8.00,6.50,9.20,7.75,5.25,7.25,-1,-1,-1,
02000066,6.00,5.25,5.80,-1,-1,-1,8.00,0.00,0.00,
02000067,8.60,7.00,8.80,-1,-1,-1,7.00,8.75,8.50,
02000068,7.80,7.00,7.80,7.00,8.25,6.25,-1,-1,-1,
02000069,7.40,7.50,8.40,7.25,6.50,7.50,-1,-1,-1,
02000070,7.80,6.50,7.80,7.00,3.50,5.00,-1,-1,-1,
02000071,8.60,6.50,9.00,8.00,8.25,5.75,-1,-1,-1,
02000072,8.20,6.75,8.80,6.75,8.00,5.50,-1,-1,-1,
02000073,4.80,7.00,4.00,3.75,4.50,3.25,-1,-1,-1,
02000074,7.00,8.00,8.60,-1,-1,-1,8.25,8.50,9.00,
02000075,5.40,5.25,4.00,-1,-1,-1,6.75,7.00,8.50,
02000076,9.20,7.25,8.80,9.00,7.50,6.75,-1,-1,-1,
02000077,6.80,8.25,9.20,-1,-1,-1,8.50,8.00,9.50,
02000078,7.80,6.75,7.80,-1,-1,-1,7.00,5.50,7.00,
02000079,7.20,7.00,7.00,5.50,5.50,5.25,-1,-1,-1,
02000080,9.00,7.00,7.60,2.50,4.75,4.50,-1,-1,-1,
02000081,6.80,8.00,9.20,-1,-1,-1,6.75,7.25,8.25,
02000082,5.80,7.00,8.40,-1,-1,-1,6.25,8.00,8.25,
02000083,6.80,6.50,6.00,3.50,7.25,7.00,-1,-1,-1,
02000084,7.80,8.00,8.40,-1,-1,-1,7.25,7.50,9.00,
02000085,8.20,7.50,9.80,-1,-1,-1,8.00,8.00,9.00,
02000086,6.20,6.75,7.60,3.00,7.00,7.50,-1,-1,-1,
02000087,7.60,8.00,7.80,-1,-1,-1,7.00,6.00,7.00,
02000088,7.80,7.75,7.80,5.25,5.00,3.75,-1,-1,-1,
02000089,4.60,7.50,4.40,-1,-1,-1,7.25,6.25,8.50,
02000090,8.60,7.25,9.40,9.00,7.50,7.75,-1,-1,-1,
02000091,6.40,7.75,-1,-1,-1,-1,8.00,8.00,9.00,
02000092,7.60,8.25,9.00,-1,-1,-1,8.00,8.75,8.00,
02000093,8.80,8.50,9.00,6.00,9.00,8.25,-1,-1,-1,
02000094,5.60,7.75,7.40,-1,-1,-1,6.50,7.25,8.50,
02000095,7.80,8.25,9.40,8.00,6.75,7.00,-1,-1,-1,
02000096,6.60,6.00,7.40,4.75,6.00,4.50,-1,-1,-1,
02000097,7.80,8.25,9.00,-1,-1,-1,7.75,8.00,8.75,
02000098,8.20,6.50,6.40,5.50,9.25,8.50,-1,-1,-1,
02000099,7.00,7.75,7.80,-1,-1,-1,7.50,6.75,7.00,
02000100,6.80,7.75,9.20,-1,-1,-1,7.75,7.50,8.75,
02000101,8.20,7.75,-1,-1,-1,-1,9.00,8.00,9.00,
02000102,7.60,7.75,9.20,-1,-1,-1,7.25,8.25,8.75,
02000103,8.00,6.50,7.00,6.00,5.50,4.50,-1,-1,-1,
02000104,7.80,8.00,-1,5.75,6.50,9.00,-1,-1,-1,
02000105,8.00,7.50,8.60,-1,-1,-1,7.25,8.00,8.50,
02000106,8.60,8.50,9.60,-1,-1,-1,7.75,8.00,9.00,
02000107,7.20,7.25,9.40,-1,-1,-1,6.50,6.75,7.50,
02000108,8.20,6.75,7.80,7.50,7.50,6.75,-1,-1,-1,
02000109,8.00,8.00,8.40,8.25,9.50,5.50,-1,-1,-1,
02000110,6.80,6.25,9.00,-1,-1,-1,6.75,6.75,9.00,
02000111,8.00,7.00,8.60,4.00,7.75,8.25,-1,-1,-1,
02000112,3.20,6.25,5.20,-1,-1,-1,6.50,7.00,8.75,
02000113,4.60,6.25,7.60,-1,-1,-1,6.25,7.00,7.25,
02000114,8.20,8.00,9.20,7.25,5.50,6.50,-1,-1,-1,
02000115,9.20,6.75,8.00,8.50,6.00,5.75,-1,-1,-1,
02000116,7.00,6.00,8.00,-1,-1,-1,7.75,7.75,8.75,
02000117,8.00,7.00,9.00,-1,-1,-1,8.75,8.50,8.75,
02000118,8.60,7.50,6.60,7.50,7.25,6.50,-1,-1,-1,
02000119,8.00,8.00,-1,5.50,6.75,5.50,-1,-1,-1,
02000120,7.80,8.25,9.20,6.00,4.75,7.00,-1,-1,-1,
02000121,7.60,5.75,8.20,7.25,5.00,6.00,-1,-1,-1,
02000122,8.00,7.50,8.40,-1,-1,-1,7.25,7.25,8.75,
02000123,7.20,6.50,6.40,7.50,4.25,4.25,-1,-1,-1,
02000124,8.60,5.75,6.40,8.25,8.50,6.00,-1,-1,-1,
02000125,7.80,7.25,9.00,-1,-1,-1,7.50,7.50,8.25,
02000126,8.20,6.25,8.40,6.00,7.50,5.50,-1,-1,-1,
02000127,8.00,5.50,6.80,7.75,7.75,5.25,-1,-1,-1,
02000128,7.80,5.50,5.40,7.50,7.50,4.00,-1,-1,-1,
02000129,7.60,7.00,6.60,7.50,6.75,5.25,-1,-1,-1,
02000130,6.60,6.25,-1,5.00,5.00,4.50,-1,-1,-1,
02000131,8.80,7.50,8.40,8.00,8.50,7.25,-1,-1,-1,
02000132,8.60,4.75,8.80,8.00,7.75,5.75,-1,-1,-1,
02000133,5.40,7.25,9.40,-1,-1,-1,8.00,7.50,8.50,
02000134,7.40,6.00,-1,8.25,6.25,4.75,-1,-1,-1,
02000135,8.40,5.75,9.80,6.75,5.25,8.00,-1,-1,-1,
02000136,8.80,6.75,8.20,8.00,5.25,6.00,-1,-1,-1,
02000137,8.00,8.00,8.80,7.25,5.50,6.00,-1,-1,-1,
02000138,8.20,6.25,8.60,5.50,7.00,5.00,-1,-1,-1,
02000139,7.00,6.75,8.20,8.50,3.50,5.75,-1,-1,-1,
02000140,7.80,5.00,8.80,7.75,5.50,6.00,-1,-1,-1,
02000141,8.60,3.00,7.40,3.00,8.50,8.75,-1,-1,-1,
02000142,4.60,5.75,4.60,-1,-1,-1,4.75,6.25,7.75,
02000143,8.00,8.00,9.00,-1,-1,-1,8.25,9.00,9.25,
02000144,8.00,7.00,7.60,6.25,5.75,6.50,-1,-1,-1,
02000145,7.40,7.50,8.60,6.50,6.00,5.25,-1,-1,-1,
02000146,7.60,8.25,8.20,-1,-1,-1,5.25,7.75,8.25,
02000147,8.20,7.75,9.20,-1,-1,-1,9.25,8.75,9.25,
02000148,9.00,6.00,9.20,8.75,3.00,2.75,-1,-1,-1,
02000149,7.00,6.50,-1,-1,-1,-1,7.75,7.00,8.50,
02000150,8.40,6.75,8.20,6.25,9.25,9.25,-1,-1,-1,
02000151,8.20,6.00,8.00,4.25,9.25,8.50,-1,-1,-1,
02000152,7.40,7.00,7.20,6.00,7.50,5.50,-1,-1,-1,
02000153,7.20,8.25,9.40,-1,-1,-1,8.75,8.25,9.50,
02000154,8.40,5.75,9.40,6.00,7.25,5.00,-1,-1,-1,
02000155,6.40,8.75,9.00,-1,-1,-1,6.00,7.00,7.50,
02000156,7.80,8.00,9.20,5.50,6.25,6.75,-1,-1,-1,
02000157,7.00,6.25,5.80,6.25,7.50,5.50,-1,-1,-1,
02000158,8.40,7.25,8.40,7.75,7.00,6.25,-1,-1,-1,
02000159,8.40,8.25,-1,6.00,4.25,6.00,-1,-1,-1,
02000160,8.20,6.25,8.80,4.50,8.50,8.00,-1,-1,-1,
02000161,7.80,6.25,9.40,3.25,8.00,8.50,-1,-1,-1,
02000162,7.00,7.50,8.00,4.25,3.25,5.00,-1,-1,-1,
02000163,7.00,8.00,8.80,-1,-1,-1,8.25,8.75,8.50,
02000164,7.40,8.00,8.40,-1,-1,-1,8.00,8.00,9.00,
02000165,5.60,7.00,7.80,-1,-1,-1,6.75,5.75,8.00,
02000166,8.20,7.50,7.20,4.25,8.00,8.75,-1,-1,-1,
02000167,8.80,7.50,9.80,8.00,7.50,6.00,-1,-1,-1,
02000168,8.20,7.25,8.80,7.25,3.50,4.75,-1,-1,-1,
02000169,8.20,6.00,7.20,4.00,9.75,8.00,-1,-1,-1,
02000170,7.60,6.50,9.40,6.75,8.50,6.50,-1,-1,-1,
02000171,8.00,6.00,9.00,7.50,8.25,6.75,-1,-1,-1,
02000172,6.80,6.75,7.20,5.50,3.75,5.00,-1,-1,-1,
02000173,8.80,5.75,-1,5.50,9.00,9.25,-1,-1,-1,
02000174,6.80,8.25,8.80,-1,-1,-1,6.50,7.50,9.00,
02000175,7.80,5.75,8.40,7.50,5.75,3.50,-1,-1,-1,
02000176,5.80,6.50,-1,-1,-1,-1,6.25,5.00,7.00,
02000177,8.00,5.75,7.80,7.50,4.50,3.25,-1,-1,-1,
02000178,7.00,5.75,7.60,4.00,6.50,6.00,-1,-1,-1,
02000179,7.60,5.00,9.20,7.00,7.75,6.50,-1,-1,-1,
02000180,7.20,7.25,7.60,6.75,8.50,7.00,-1,-1,-1,
02000181,7.60,7.75,8.00,-1,-1,-1,8.75,7.50,8.75,
02000182,7.40,5.75,8.80,5.50,5.50,6.50,-1,-1,-1,
02000183,8.20,6.25,8.60,7.50,7.75,6.00,-1,-1,-1,
02000184,7.20,6.00,8.00,5.75,2.75,5.00,-1,-1,-1,
02000185,8.20,7.00,6.80,7.25,3.50,4.75,-1,-1,-1,
02000186,5.60,6.25,8.60,-1,-1,-1,6.00,7.25,7.50,
02000187,6.00,6.25,5.80,-1,-1,-1,6.25,7.00,8.00,
02000188,8.40,8.00,9.20,7.25,8.25,7.50,-1,-1,-1,
02000189,7.40,7.50,-1,-1,-1,-1,8.50,9.50,8.50,
02000190,8.20,6.25,9.00,7.25,5.25,4.25,-1,-1,-1,
02000191,8.20,5.25,6.60,7.25,7.50,6.50,-1,-1,-1,
02000192,7.20,7.50,5.00,6.00,7.00,6.00,-1,-1,-1,
02000193,8.20,6.75,6.60,7.00,7.25,4.50,-1,-1,-1,
02000194,7.80,6.25,8.80,5.50,5.00,6.25,-1,-1,-1,
02000195,8.00,7.50,8.60,-1,-1,-1,6.50,7.75,8.00,
02000196,4.00,6.75,6.20,-1,-1,-1,7.75,5.75,6.50,
02000197,5.20,5.75,7.60,-1,-1,-1,6.25,6.75,8.50,
02000198,7.60,7.25,-1,-1,-1,-1,7.50,8.75,9.25,
02000199,7.40,5.50,-1,-1,-1,-1,8.50,8.50,9.00,
02000200,8.20,5.50,7.40,4.50,10.00,9.00,-1,-1,-1,
02000201,8.20,7.50,9.00,-1,-1,-1,7.75,8.50,9.50,
02000202,8.20,8.00,6.40,-1,-1,-1,7.75,7.25,8.50,
02000203,7.60,6.75,9.80,5.75,3.75,5.25,-1,-1,-1,
02000204,6.40,6.25,7.00,5.00,7.00,4.00,-1,-1,-1,
02000205,8.40,6.75,-1,3.25,9.25,7.75,-1,-1,-1,
02000206,8.60,2.75,-1,4.25,8.50,8.75,-1,-1,-1,
02000207,8.20,6.50,9.40,2.50,9.00,9.25,-1,-1,-1,
02000208,8.00,8.00,-1,7.00,7.75,7.25,-1,-1,-1,
02000209,7.80,7.50,-1,6.50,8.25,5.75,-1,-1,-1,
02000210,7.40,7.50,7.40,-1,-1,-1,7.50,8.50,8.50,
02000211,7.00,7.25,7.40,5.50,4.50,5.25,-1,-1,-1,
02000212,8.60,5.00,8.80,6.50,9.00,6.75,-1,-1,-1,
02000213,8.00,6.00,9.00,8.50,6.25,5.75,-1,-1,-1,
02000214,6.60,6.50,7.80,4.00,4.25,4.50,-1,-1,-1,
02000215,8.20,6.25,9.40,6.00,7.00,4.50,-1,-1,-1,
02000216,8.00,7.50,9.20,7.50,7.00,6.00,-1,-1,-1,
02000217,8.40,6.75,9.60,7.00,4.25,5.00,-1,-1,-1,
02000218,9.00,8.00,8.20,6.75,7.25,6.25,-1,-1,-1,
02000219,7.80,5.25,8.60,6.75,5.50,5.75,-1,-1,-1,
02000220,7.40,5.75,8.40,8.00,4.00,5.50,-1,-1,-1,
02000221,8.20,7.00,9.00,8.00,4.75,4.75,-1,-1,-1,
02000222,5.20,7.00,8.40,-1,-1,-1,7.00,5.75,7.50,
02000223,6.60,7.00,8.00,5.25,3.75,5.00,-1,-1,-1,
02000224,6.40,6.00,5.40,5.25,4.75,5.25,-1,-1,-1,
02000225,6.60,7.25,7.60,7.00,5.75,4.25,-1,-1,-1,
02000226,8.00,4.50,6.40,4.00,9.00,9.00,-1,-1,-1,
02000227,9.00,6.75,9.60,7.75,9.00,6.50,-1,-1,-1,
02000228,8.00,6.75,6.00,7.50,8.50,5.50,-1,-1,-1,
02000229,6.60,7.00,9.40,-1,-1,-1,5.75,5.50,8.25,
02000230,7.40,6.00,-1,-1,-1,-1,7.25,8.00,8.75,
02000231,6.80,8.25,9.00,6.75,8.25,8.25,-1,-1,-1,
02000232,4.60,6.25,5.80,-1,-1,-1,7.75,8.00,7.50,
02000233,6.80,6.75,10.00,6.25,5.25,6.50,-1,-1,-1,
02000234,5.60,5.50,7.80,4.25,5.75,5.00,-1,-1,-1,
02000235,6.00,7.50,8.80,-1,-1,-1,6.50,7.75,6.75,
02000236,6.80,4.00,9.80,4.25,6.25,5.50,-1,-1,-1,
02000237,7.00,7.75,8.40,2.50,7.25,4.00,-1,-1,-1,
02000238,5.60,6.00,8.60,4.50,7.25,5.75,-1,-1,-1,
02000239,8.00,5.00,8.20,7.00,5.75,5.50,-1,-1,-1,
02000240,7.20,6.50,9.00,5.75,5.00,5.00,-1,-1,-1,
02000241,7.60,7.25,-1,7.25,7.00,7.25,-1,-1,-1,
02000242,6.40,8.00,8.60,-1,-1,-1,6.50,6.00,8.75,
02000243,7.80,8.00,-1,-1,-1,-1,8.75,8.00,9.25,
02000244,7.60,7.25,8.60,7.25,4.25,2.25,-1,-1,-1,
02000245,6.60,5.50,-1,3.25,7.50,7.00,-1,-1,-1,
02000246,7.60,8.25,9.00,7.75,5.00,6.00,-1,-1,-1,
02000247,8.60,7.75,9.60,7.00,8.00,7.25,-1,-1,-1,
02000248,9.00,6.00,8.80,8.25,8.50,5.25,-1,-1,-1,
02000249,4.80,8.75,8.60,-1,-1,-1,6.75,7.25,8.00,
02000250,8.40,8.00,8.60,-1,-1,-1,8.25,7.25,8.25,
02000251,8.80,7.75,-1,4.25,9.00,8.75,-1,-1,-1,
02000252,8.20,8.25,9.20,-1,-1,-1,7.50,6.75,7.75,
02000253,8.20,8.75,8.40,5.25,5.50,5.25,-1,-1,-1,
02000254,7.80,8.75,8.80,8.25,5.75,5.75,-1,-1,-1,
02000255,7.40,6.25,-1,5.00,6.00,7.00,-1,-1,-1,
02000256,8.20,8.25,9.40,-1,-1,-1,9.00,8.25,9.00,
02000257,8.40,8.25,8.60,-1,-1,-1,8.00,8.25,9.25,
02000258,8.40,7.25,9.00,2.75,8.25,3.75,-1,-1,-1,
02000259,6.40,7.25,8.40,7.00,4.75,5.25,-1,-1,-1,
02000260,7.20,5.50,7.00,4.25,7.25,8.00,-1,-1,-1,
02000261,7.00,7.75,9.80,5.00,5.50,6.75,-1,-1,-1,
02000262,8.40,7.75,9.20,6.25,5.75,6.50,-1,-1,-1,
02000263,7.20,7.00,9.40,4.50,9.00,4.75,-1,-1,-1,
02000264,8.00,7.50,9.00,5.50,5.50,7.75,-1,-1,-1,
02000265,8.20,7.00,9.00,8.00,2.75,5.75,-1,-1,-1,
02000266,8.20,6.25,8.20,6.00,4.50,5.25,-1,-1,-1,
02000267,8.60,5.75,6.00,8.75,7.75,5.25,-1,-1,-1,
02000268,8.40,7.75,9.20,8.50,8.00,6.25,-1,-1,-1,
02000269,7.60,6.25,8.60,2.50,7.00,6.00,-1,-1,-1,
02000270,7.00,7.75,9.20,-1,-1,-1,8.00,7.75,8.25,
02000271,8.20,7.00,7.20,7.25,4.75,4.75,-1,-1,-1,
02000272,7.40,7.00,7.40,3.75,7.00,6.50,-1,-1,-1,
02000273,2.20,6.25,5.40,-1,-1,-1,6.00,6.00,8.00,
02000274,7.40,8.25,9.00,-1,-1,-1,8.00,8.50,8.25,
02000275,8.20,6.75,9.80,5.25,8.25,5.75,-1,-1,-1,
02000276,7.20,7.75,7.60,-1,-1,-1,6.50,6.75,9.00,
02000277,8.20,8.50,-1,-1,-1,-1,9.25,9.00,8.75,
02000278,7.60,6.50,7.00,5.50,7.50,7.50,-1,-1,-1,
02000279,7.40,8.25,9.00,-1,-1,-1,9.00,5.75,8.25,
02000280,8.00,7.50,-1,4.25,8.00,6.75,-1,-1,-1,
02000281,7.00,5.75,6.80,6.50,5.00,4.25,-1,-1,-1,
02000282,8.20,8.25,9.00,-1,-1,-1,7.25,8.00,8.50,
02000283,8.00,8.50,9.20,7.75,8.75,6.25,-1,-1,-1,
02000284,7.80,7.25,6.80,6.25,7.25,6.00,-1,-1,-1,
02000285,4.40,6.50,9.60,-1,-1,-1,7.25,7.25,8.25,
02000286,7.80,7.50,9.40,-1,-1,-1,6.75,6.50,7.75,
02000287,8.20,8.00,9.20,6.25,6.75,5.00,-1,-1,-1,
02000288,8.60,7.50,7.40,6.75,4.25,5.25,-1,-1,-1,
02000289,8.00,7.50,6.40,6.00,6.25,3.50,-1,-1,-1,
02000290,8.40,8.75,8.80,-1,-1,-1,8.00,8.00,9.75,
02000291,6.60,8.50,6.00,-1,-1,-1,7.00,8.25,8.00,
02000292,9.00,7.50,7.60,8.25,6.25,5.75,-1,-1,-1,
02000293,8.00,8.00,6.60,-1,-1,-1,4.75,7.00,9.00,
02000294,6.20,8.25,9.00,-1,-1,-1,7.50,7.50,8.50,
02000295,8.00,8.50,9.00,-1,-1,-1,7.25,8.25,9.25,
02000296,7.40,7.75,-1,5.75,4.00,6.25,-1,-1,-1,
02000297,8.60,7.50,9.20,7.50,5.75,6.75,-1,-1,-1,
02000298,8.40,5.75,-1,4.00,8.00,8.50,-1,-1,-1,
02000299,8.40,8.00,7.20,-1,-1,-1,7.50,7.00,8.50,
02000300,9.00,5.75,9.60,8.50,4.50,4.50,-1,-1,-1,
02000301,8.60,8.00,9.60,7.00,8.25,6.75,-1,-1,-1,
02000302,8.40,8.25,8.80,8.00,8.25,7.00,-1,-1,-1,
02000303,7.60,7.25,6.60,-1,-1,-1,5.25,6.50,7.75,
02000304,6.40,7.75,-1,7.75,5.00,6.25,-1,-1,-1,
02000305,8.80,4.75,9.20,6.25,9.25,7.25,-1,-1,-1,
02000306,6.60,7.75,-1,6.00,4.50,5.50,-1,-1,-1,
02000307,7.00,6.00,9.20,2.75,8.25,5.25,-1,-1,-1,
02000308,8.60,4.75,8.80,7.50,9.00,4.50,-1,-1,-1,
02000309,7.60,6.50,9.20,8.25,9.00,6.75,-1,-1,-1,
02000310,5.00,6.75,3.00,-1,-1,-1,5.25,5.75,7.50,
02000311,7.40,6.75,9.40,4.25,5.00,6.50,-1,-1,-1,
02000312,8.60,5.75,8.00,7.50,4.50,5.00,-1,-1,-1,
02000313,7.80,8.25,9.80,5.25,7.25,6.75,-1,-1,-1,
02000314,7.60,7.50,9.60,5.25,5.50,7.00,-1,-1,-1,
02000315,7.60,7.00,8.80,6.50,5.25,6.00,-1,-1,-1,
02000316,8.20,7.50,-1,4.50,9.00,7.50,-1,-1,-1,
02000317,7.60,6.00,9.00,4.75,5.00,6.00,-1,-1,-1,
02000318,8.60,6.50,6.20,8.00,8.75,4.25,-1,-1,-1,
02000319,6.20,7.50,5.80,-1,-1,-1,4.75,5.00,8.25,
02000320,4.80,7.00,4.40,-1,-1,-1,5.50,5.25,6.75,
02000321,7.40,6.75,9.20,8.25,7.75,6.25,-1,-1,-1,
02000322,8.00,6.00,9.40,7.00,8.75,6.75,-1,-1,-1,
02000323,7.60,7.75,9.00,7.00,7.50,4.50,-1,-1,-1,
02000324,9.20,6.75,8.60,8.00,3.75,4.75,-1,-1,-1,
02000325,8.60,8.25,8.00,8.00,9.00,6.25,-1,-1,-1,
02000326,7.40,7.75,6.60,-1,-1,-1,6.75,6.50,8.00,
02000327,8.40,5.00,8.60,6.75,7.50,6.25,-1,-1,-1,
02000328,7.20,7.50,-1,5.75,5.50,6.25,-1,-1,-1,
02000329,8.20,3.75,7.80,8.00,5.75,4.75,-1,-1,-1,
02000330,8.00,7.50,9.20,-1,-1,-1,8.25,7.50,7.25,
02000331,8.40,7.50,7.60,7.50,7.75,4.75,-1,-1,-1,
02000332,7.40,6.25,-1,5.00,9.00,8.75,-1,-1,-1,
02000333,8.60,7.00,8.20,-1,-1,-1,7.50,8.25,8.00,
02000334,8.00,8.25,7.20,-1,-1,-1,7.75,8.00,7.25,
02000335,7.20,5.25,9.00,6.25,5.75,6.50,-1,-1,-1,
02000336,8.60,6.00,7.60,4.50,9.00,9.50,-1,-1,-1,
02000337,7.20,6.75,9.40,6.75,6.75,6.75,-1,-1,-1,
02000338,8.00,6.00,9.00,4.75,8.25,8.75,-1,-1,-1,
02000339,7.40,4.50,8.60,4.75,9.25,7.25,-1,-1,-1,
02000340,7.60,6.75,8.00,8.25,5.50,5.25,-1,-1,-1,
02000341,8.60,6.75,7.80,7.75,8.00,6.00,-1,-1,-1,
02000342,6.40,6.00,3.60,-1,-1,-1,5.50,6.50,6.50,
02000343,7.20,6.25,-1,4.00,6.25,5.75,-1,-1,-1,
02000344,7.60,7.00,9.80,6.50,7.00,7.25,-1,-1,-1,
02000345,8.00,6.50,7.20,8.00,7.25,5.50,-1,-1,-1,
02000346,7.60,7.00,-1,-1,-1,-1,7.75,8.50,8.00,
02000347,7.60,6.00,8.80,-1,-1,-1,8.75,9.00,8.75,
02000348,5.20,5.25,4.60,4.00,4.50,5.25,-1,-1,-1,
02000349,7.80,6.50,-1,8.00,7.75,7.25,-1,-1,-1,
02000350,7.60,7.25,8.40,5.00,7.50,6.25,-1,-1,-1,
02000351,8.60,7.00,9.80,8.25,8.25,9.00,-1,-1,-1,
02000352,8.40,7.25,7.40,7.25,7.50,5.25,-1,-1,-1,
02000353,4.80,6.00,2.40,-1,-1,-1,5.50,6.50,7.00,
02000354,8.80,6.25,9.60,6.00,7.75,5.75,-1,-1,-1,
02000355,9.00,7.25,6.60,8.25,9.00,6.00,-1,-1,-1,
02000356,8.60,7.00,9.00,8.75,9.50,6.75,-1,-1,-1,
02000357,5.80,6.75,8.00,-1,-1,-1,6.00,6.75,8.25,
02000358,7.80,7.75,7.60,7.50,7.50,7.25,-1,-1,-1,
02000359,7.80,8.25,9.00,7.50,6.75,6.00,-1,-1,-1,
02000360,7.80,2.75,6.80,3.00,4.75,5.75,-1,-1,-1,
02000361,8.40,7.75,8.60,6.00,5.75,6.75,-1,-1,-1,
02000362,8.20,7.00,9.00,5.75,6.00,6.00,-1,-1,-1,
02000363,7.20,5.50,7.20,2.50,6.00,6.25,-1,-1,-1,
02000364,7.60,6.75,9.20,7.50,7.25,8.00,-1,-1,-1,
02000365,8.60,5.75,-1,6.75,8.25,8.75,-1,-1,-1,
02000366,5.20,6.00,5.00,3.50,4.25,6.50,-1,-1,-1,
02000367,8.40,6.00,-1,7.50,6.75,5.25,-1,-1,-1,
02000368,8.20,7.00,9.40,3.50,4.25,6.00,-1,-1,-1,
02000369,8.60,7.25,5.40,6.50,8.50,3.50,-1,-1,-1,
02000370,8.20,8.25,8.20,-1,-1,-1,8.25,7.75,8.25,
02000371,8.40,7.75,8.80,7.25,7.00,6.75,-1,-1,-1,
02000372,7.60,5.75,7.20,5.00,5.00,4.50,-1,-1,-1,
02000373,7.80,6.50,8.60,6.50,6.50,5.50,-1,-1,-1,
02000374,8.00,7.00,9.20,4.25,9.00,9.25,-1,-1,-1,
02000375,8.80,7.75,9.40,7.00,6.25,7.00,-1,-1,-1,
02000376,8.60,8.50,9.00,8.50,6.75,7.75,-1,-1,-1,
02000377,6.00,6.75,5.40,3.50,4.50,5.00,-1,-1,-1,
02000378,7.60,6.75,9.40,5.00,7.00,6.25,-1,-1,-1,
02000379,6.20,6.75,6.00,7.50,6.75,4.50,-1,-1,-1,
02000380,5.80,4.75,2.40,5.00,4.50,5.25,-1,-1,-1,
02000381,8.20,6.50,6.80,6.25,6.00,4.50,-1,-1,-1,
02000382,7.40,8.25,8.20,7.00,8.25,6.00,-1,-1,-1,
02000383,5.60,7.25,8.80,3.75,6.25,4.75,-1,-1,-1,
02000384,8.00,5.75,8.60,8.00,6.00,5.25,-1,-1,-1,
02000385,8.60,6.75,9.60,8.25,8.00,5.25,-1,-1,-1,
02000386,8.20,7.00,7.80,7.25,5.75,6.50,-1,-1,-1,
02000387,7.60,7.25,9.00,8.50,7.50,5.00,-1,-1,-1,
02000388,8.00,7.25,9.80,8.25,7.00,7.00,-1,-1,-1,
02000389,7.20,6.75,9.60,8.00,3.25,5.00,-1,-1,-1,
02000390,6.60,5.50,6.20,6.25,4.25,5.00,-1,-1,-1,
02000391,7.60,5.75,8.40,6.50,8.00,5.75,-1,-1,-1,
02000392,7.40,7.75,8.40,7.75,3.00,6.00,-1,-1,-1,
02000393,6.20,7.00,7.80,6.00,4.50,4.50,-1,-1,-1,
02000394,7.40,6.50,9.20,5.25,6.00,7.75,-1,-1,-1,
02000395,7.00,7.00,7.20,3.50,6.00,7.50,-1,-1,-1,
02000396,8.80,7.50,6.80,3.75,9.25,8.50,-1,-1,-1,
02000397,6.60,7.25,8.60,4.25,7.25,5.50,-1,-1,-1,
02000398,7.60,5.50,9.00,7.75,4.75,4.00,-1,-1,-1,
02000399,7.60,5.75,8.00,7.00,7.25,7.00,-1,-1,-1,
02000400,8.00,7.75,9.20,6.50,4.25,6.50,-1,-1,-1,
02000401,8.60,6.00,8.20,8.25,5.00,6.25,-1,-1,-1,
02000402,6.80,5.75,9.00,6.00,3.25,5.50,-1,-1,-1,
02000403,8.20,7.25,9.40,5.25,9.50,9.25,-1,-1,-1,
02000404,8.00,6.75,8.60,4.50,5.25,6.00,-1,-1,-1,
02000405,6.00,5.00,7.40,5.00,5.75,7.00,-1,-1,-1,
02000406,7.60,7.50,8.60,6.25,7.75,7.25,-1,-1,-1,
02000407,8.20,5.25,7.60,8.75,8.75,7.50,-1,-1,-1,
02000408,8.60,6.00,9.40,7.25,6.00,8.00,-1,-1,-1,
02000409,7.40,7.00,8.60,5.25,4.75,5.25,-1,-1,-1,
02000410,7.80,6.00,9.20,4.50,5.75,6.00,-1,-1,-1,
02000411,5.40,5.75,3.40,4.25,4.75,7.25,-1,-1,-1,
02000412,8.20,5.75,8.40,7.00,4.25,5.00,-1,-1,-1,
02000413,6.40,6.50,9.20,4.75,4.75,6.50,-1,-1,-1,
02000414,5.80,5.50,4.00,6.00,6.75,3.75,-1,-1,-1,
02000415,5.60,5.25,4.40,3.75,3.75,4.25,-1,-1,-1,
02000416,8.40,6.50,8.80,6.75,7.75,6.00,-1,-1,-1,
02000417,8.00,5.25,8.20,8.50,8.75,3.00,-1,-1,-1,
02000418,8.00,6.50,6.20,2.75,9.00,8.00,-1,-1,-1,
02000419,7.20,5.75,7.40,5.25,5.75,7.00,-1,-1,-1,
02000420,8.40,3.75,9.00,5.50,7.50,6.75,-1,-1,-1,
02000421,7.00,5.50,9.20,4.75,3.50,4.75,-1,-1,-1,
02000422,8.40,6.50,5.60,7.25,7.75,5.00,-1,-1,-1,
02000423,7.40,6.50,9.20,5.00,6.25,5.50,-1,-1,-1,
02000424,7.60,6.50,8.60,5.25,7.00,6.50,-1,-1,-1,
02000425,8.60,6.50,7.40,5.75,9.00,9.00,-1,-1,-1,
02000426,9.00,6.25,8.60,8.75,6.25,7.00,-1,-1,-1,
02000427,7.20,6.75,7.60,7.50,8.25,5.50,-1,-1,-1,
02000428,8.40,7.50,9.80,7.50,8.25,6.50,-1,-1,-1,
02000429,8.40,4.50,8.80,8.50,6.50,6.25,-1,-1,-1,
02000430,8.00,7.25,7.20,7.75,5.50,6.00,-1,-1,-1,
02000431,7.20,6.75,8.40,7.00,5.00,6.00,-1,-1,-1,
02000432,8.60,7.50,9.80,7.75,8.50,8.00,-1,-1,-1,
02000433,8.40,8.75,9.00,-1,-1,-1,8.50,7.50,9.50,
02000434,7.60,6.50,9.00,4.00,6.75,7.25,-1,-1,-1,
02000435,7.80,7.75,5.60,7.50,8.00,5.25,-1,-1,-1,
02000436,8.40,6.25,8.00,9.00,8.25,6.50,-1,-1,-1,
02000437,8.20,7.75,9.00,7.50,6.00,5.75,-1,-1,-1,
02000438,7.60,3.75,8.40,7.00,7.00,6.00,-1,-1,-1,
02000439,7.00,7.75,8.40,6.75,6.00,6.25,-1,-1,-1,
02000440,8.20,7.00,8.40,7.00,6.25,5.50,-1,-1,-1,
02000441,6.20,7.25,6.40,6.50,5.50,4.25,-1,-1,-1,
02000442,7.60,8.75,9.00,8.50,4.50,4.50,-1,-1,-1,
02000443,8.00,7.50,8.60,7.50,7.00,6.50,-1,-1,-1,
02000444,7.80,7.50,9.00,5.25,4.50,6.00,-1,-1,-1,
02000445,7.00,8.00,9.00,3.25,7.75,6.75,-1,-1,-1,
02000446,7.40,5.50,8.00,7.75,4.00,6.25,-1,-1,-1,
02000447,6.60,6.00,8.60,2.75,5.50,6.75,-1,-1,-1,
02000448,8.20,7.00,9.00,7.25,8.75,4.50,-1,-1,-1,
02000449,8.40,6.00,10.00,6.75,9.75,8.25,-1,-1,-1,
02000450,6.80,6.50,8.60,5.50,3.75,4.50,-1,-1,-1,
02000451,8.00,7.00,9.40,7.00,7.00,6.50,-1,-1,-1,
02000452,8.20,8.00,8.40,5.75,6.75,5.50,-1,-1,-1,
02000453,8.60,6.00,7.60,7.25,9.00,7.25,-1,-1,-1,
02000454,7.60,6.00,8.60,4.00,8.00,4.50,-1,-1,-1,
02000455,9.00,7.00,9.60,8.25,8.50,8.00,-1,-1,-1,
02000456,6.60,6.50,7.80,4.00,3.50,5.25,-1,-1,-1,
02000457,8.80,5.75,8.80,9.25,7.75,6.00,-1,-1,-1,
02000458,8.40,5.75,9.00,7.75,5.25,5.50,-1,-1,-1,
02000459,8.60,6.25,8.60,9.25,8.25,5.50,-1,-1,-1,
02000460,8.20,4.50,7.80,8.00,6.50,5.75,-1,-1,-1,
02000461,8.20,7.25,9.60,9.00,8.75,7.25,-1,-1,-1,
02000462,8.00,5.50,7.40,6.50,5.00,6.50,-1,-1,-1,
02000463,8.00,7.25,7.60,7.25,5.25,5.25,-1,-1,-1,
02000464,6.80,6.00,7.60,4.00,6.25,7.75,-1,-1,-1,
02000465,8.00,6.75,8.80,8.00,4.50,7.25,-1,-1,-1,
02000466,7.20,7.75,9.80,-1,-1,-1,6.50,7.50,7.50,
02000467,7.80,4.00,-1,7.50,7.25,6.75,-1,-1,-1,
02000468,6.40,8.50,6.60,-1,-1,-1,7.75,6.25,8.75,
02000469,7.80,7.00,7.80,7.25,5.50,4.00,-1,-1,-1,
02000470,8.60,7.25,4.40,6.50,5.00,5.25,-1,-1,-1,
02000471,7.00,5.75,5.80,6.00,4.25,6.25,-1,-1,-1,
02000472,8.00,6.75,8.80,8.50,5.00,6.75,-1,-1,-1,
02000473,7.20,7.25,9.00,5.50,4.50,5.50,-1,-1,-1,
02000474,8.80,7.25,-1,-1,-1,-1,7.50,7.50,9.00,
02000475,7.60,8.00,-1,4.25,8.25,8.00,-1,-1,-1,
02000476,6.40,7.25,6.80,6.50,4.50,5.00,-1,-1,-1,
02000477,7.40,6.25,-1,4.75,6.50,8.00,-1,-1,-1,
02000478,7.40,7.75,9.00,4.00,7.25,5.50,-1,-1,-1,
02000479,8.60,6.75,-1,6.50,8.75,6.25,-1,-1,-1,
02000480,8.00,8.50,-1,-1,-1,-1,8.00,8.50,9.00,
02000481,7.40,7.25,8.60,-1,-1,-1,8.00,7.75,8.25,
02000482,6.20,8.25,7.80,-1,-1,-1,7.50,7.75,9.25,
02000483,8.20,8.75,9.00,-1,-1,-1,7.75,7.75,8.75,
02000484,7.40,7.50,8.00,-1,-1,-1,7.00,5.75,8.75,
02000485,7.80,6.75,9.60,4.00,4.75,3.75,-1,-1,-1,
02000486,7.20,8.25,8.20,-1,-1,-1,7.00,8.00,9.00,
02000487,6.80,6.75,6.20,5.75,6.25,8.25,-1,-1,-1,
02000488,6.80,7.75,7.80,6.25,3.75,4.00,-1,-1,-1,
02000489,8.20,6.75,7.80,-1,-1,-1,8.25,7.75,8.75,
02000490,7.40,7.00,8.60,5.50,8.00,6.00,-1,-1,-1,
02000491,8.40,6.50,9.00,4.00,8.75,5.50,-1,-1,-1,
02000492,8.40,6.50,8.40,7.25,9.00,6.25,-1,-1,-1,
02000493,7.40,6.00,8.80,6.75,5.25,6.75,-1,-1,-1,
02000494,5.00,5.50,7.40,-1,-1,-1,7.75,7.75,8.75,
02000495,7.80,6.75,6.60,7.50,4.75,4.25,-1,-1,-1,
02000496,8.60,7.00,8.40,-1,-1,-1,7.75,6.25,8.50,
02000497,6.80,6.50,9.00,5.75,6.25,7.75,-1,-1,-1,
02000498,7.40,7.00,8.60,-1,-1,-1,7.25,8.00,8.50,
02000499,8.40,8.25,9.00,7.25,7.25,6.25,-1,-1,-1,
02000500,5.80,7.00,6.40,5.75,7.50,5.00,-1,-1,-1,
02000501,8.20,8.50,8.80,8.25,6.00,7.50,-1,-1,-1,
02000502,7.40,6.25,7.00,-1,-1,-1,6.25,6.50,8.00,
02000503,8.00,8.25,8.40,-1,-1,-1,5.50,7.00,8.00,
02000504,7.40,8.25,8.60,-1,-1,-1,7.50,5.75,8.25,
02000505,7.60,7.50,6.80,-1,-1,-1,6.00,7.75,8.00,
02000506,8.40,8.25,8.60,6.00,6.75,8.25,-1,-1,-1,
02000507,5.20,6.00,8.40,1.50,7.50,5.50,-1,-1,-1,
02000508,7.80,7.75,9.40,-1,-1,-1,8.00,8.25,9.00,
02000509,8.40,7.00,8.20,-1,-1,-1,7.50,6.75,8.25,
02000510,5.80,6.75,6.80,5.00,7.00,7.00,-1,-1,-1,
02000511,7.20,8.00,9.20,-1,-1,-1,8.00,9.00,9.75,
02000512,9.00,8.00,8.40,6.00,7.50,7.00,-1,-1,-1,
02000513,6.80,8.00,7.80,5.25,8.25,5.00,-1,-1,-1,
02000514,8.00,5.75,9.40,7.50,5.75,5.00,-1,-1,-1,
02000515,7.20,7.75,-1,-1,-1,-1,6.50,6.75,8.00,
02000516,6.60,6.00,7.00,5.75,3.50,4.75,-1,-1,-1,
02000517,7.80,6.25,8.00,7.25,7.00,6.25,-1,-1,-1,
02000518,9.60,6.75,-1,6.75,9.50,9.25,-1,-1,-1,
02000519,6.60,6.75,4.20,-1,-1,-1,7.00,7.25,7.75,
02000520,6.40,6.00,8.60,7.00,5.75,5.00,-1,-1,-1,
02000521,8.80,8.25,8.00,9.00,7.75,6.75,-1,-1,-1,
02000522,5.80,7.00,7.40,-1,-1,-1,7.75,7.75,8.50,
02000523,7.60,6.25,9.40,8.25,5.75,6.75,-1,-1,-1,
02000524,8.20,6.75,9.00,7.25,6.00,4.75,-1,-1,-1,
02000525,8.80,5.50,8.60,8.25,8.00,5.75,-1,-1,-1,
02000526,7.00,8.25,9.80,-1,-1,-1,8.75,7.75,9.00,
02000527,8.40,8.50,8.80,7.00,7.75,6.50,-1,-1,-1,
02000528,8.20,8.00,8.60,-1,-1,-1,6.50,8.50,8.75,
02000529,7.20,7.75,7.40,6.75,7.25,5.75,-1,-1,-1,
02000530,7.80,6.75,-1,7.00,7.25,7.75,-1,-1,-1,
02000531,8.40,6.25,-1,6.25,7.25,7.00,-1,-1,-1,
02000532,7.00,7.50,6.80,7.50,4.75,4.75,-1,-1,-1,
02000533,8.00,7.25,-1,7.50,8.50,8.25,-1,-1,-1,
02000534,7.80,8.00,-1,-1,-1,-1,7.50,7.75,8.75,
02000535,7.40,6.75,7.80,7.75,7.25,6.50,-1,-1,-1,
02000536,7.80,7.25,-1,3.50,6.25,7.75,-1,-1,-1,
02000537,7.80,5.75,-1,4.00,8.75,8.00,-1,-1,-1,
02000538,7.40,7.25,8.00,7.00,5.50,4.25,-1,-1,-1,
02000539,5.80,8.25,7.60,-1,-1,-1,4.75,4.75,7.50,
02000540,8.00,6.75,-1,-1,-1,-1,9.25,8.50,9.25,
02000541,7.80,7.25,8.00,-1,-1,-1,5.25,7.25,7.75,
02000542,8.40,7.25,-1,8.25,9.25,9.25,-1,-1,-1,
02000543,6.80,6.00,3.40,-1,-1,-1,4.75,7.00,8.25,
02000544,7.80,7.75,8.80,8.25,6.50,7.50,-1,-1,-1,
02000545,7.80,7.75,8.60,7.50,7.75,6.75,-1,-1,-1,
02000546,7.20,8.00,8.20,6.25,6.75,6.50,-1,-1,-1,
02000547,8.40,8.75,8.80,4.75,9.00,9.25,-1,-1,-1,
02000548,8.40,8.25,8.60,7.50,8.25,5.75,-1,-1,-1,
02000549,7.60,8.25,9.00,-1,-1,-1,7.75,7.50,8.75,
02000550,7.80,7.00,9.00,7.00,8.25,6.75,-1,-1,-1,
02000551,7.80,7.75,9.20,-1,-1,-1,7.50,6.75,8.25,
02000552,7.20,8.25,7.40,5.50,5.25,6.50,-1,-1,-1,
02000553,8.20,8.00,9.00,-1,-1,-1,8.75,9.25,9.25,
02000554,6.60,7.75,7.80,-1,-1,-1,7.00,7.25,8.25,
02000555,6.60,5.50,3.80,-1,-1,-1,4.00,5.00,7.00,
02000556,8.40,8.50,9.40,-1,-1,-1,7.75,7.50,9.50,
02000557,8.00,8.25,9.40,8.25,4.50,5.75,-1,-1,-1,
02000558,7.80,7.25,8.00,4.50,7.75,7.75,-1,-1,-1,
02000559,8.00,7.50,-1,2.25,7.00,8.00,-1,-1,-1,
02000560,6.00,7.00,9.40,7.00,6.00,7.50,-1,-1,-1,
02000561,7.80,7.75,-1,-1,-1,-1,7.00,7.75,8.50,
02000562,6.80,6.75,8.20,-1,-1,-1,8.50,7.50,8.25,
02000563,8.20,7.00,8.80,5.50,8.75,6.75,-1,-1,-1,
02000564,8.40,6.25,9.80,-1,-1,-1,8.00,8.75,9.25,
02000565,7.00,5.75,7.80,6.00,6.50,2.00,-1,-1,-1,
02000566,7.80,6.75,5.80,7.50,8.25,4.00,-1,-1,-1,
02000567,8.80,5.75,7.80,7.50,5.75,6.50,-1,-1,-1,
02000568,8.60,7.25,7.80,8.00,7.50,5.75,-1,-1,-1,
02000569,7.60,5.75,8.20,5.75,9.25,5.00,-1,-1,-1,
02000570,8.40,7.00,-1,6.50,7.25,4.25,-1,-1,-1,
02000571,8.00,6.50,7.80,3.75,8.00,7.50,-1,-1,-1,
02000572,8.40,6.50,9.20,7.25,7.50,6.75,-1,-1,-1,
02000573,7.00,5.75,6.20,4.50,5.00,4.75,-1,-1,-1,
02000574,7.80,6.25,9.40,8.00,4.25,4.50,-1,-1,-1,
02000575,8.20,6.75,7.60,6.00,8.00,8.50,-1,-1,-1,
02000576,7.60,7.25,9.00,8.25,5.00,7.50,-1,-1,-1,
02000577,7.60,5.75,-1,5.75,4.75,6.50,-1,-1,-1,
02000578,8.40,7.00,9.60,8.00,8.25,6.25,-1,-1,-1,
02000579,7.20,8.50,8.20,6.50,7.50,7.00,-1,-1,-1,
02000580,8.00,6.50,7.60,3.50,7.50,8.25,-1,-1,-1,
02000581,7.20,7.25,8.60,-1,-1,-1,6.50,7.75,8.00,
02000582,8.20,3.75,8.20,7.75,5.50,6.00,-1,-1,-1,
02000583,7.40,6.25,5.20,-1,-1,-1,7.00,6.25,8.00,
02000584,8.60,7.25,6.20,7.75,8.25,6.00,-1,-1,-1,
02000585,7.40,5.75,7.40,5.00,8.00,7.00,-1,-1,-1,
02000586,7.60,8.00,7.20,-1,-1,-1,7.75,7.25,9.00,
02000587,7.40,7.00,-1,5.00,7.25,5.25,-1,-1,-1,
02000588,7.00,7.75,7.00,-1,-1,-1,7.25,7.75,7.75,
02000589,7.80,5.75,8.80,-1,-1,-1,7.75,7.00,9.75,
02000590,8.00,7.00,8.40,7.25,7.00,3.25,-1,-1,-1,
02000591,8.60,5.00,8.40,7.50,8.25,7.25,-1,-1,-1,
02000592,8.60,8.00,8.40,8.00,8.00,5.50,-1,-1,-1,
02000593,9.00,7.00,9.60,9.25,6.50,8.00,-1,-1,-1,
02000594,8.40,7.75,7.60,5.50,5.75,5.25,-1,-1,-1,
02000595,7.40,6.25,-1,6.00,5.25,6.25,-1,-1,-1,
02000596,7.40,6.50,-1,7.00,6.50,7.25,-1,-1,-1,
02000597,7.60,7.75,8.40,6.00,5.00,5.25,-1,-1,-1,
02000598,6.40,6.00,5.60,-1,-1,-1,7.50,6.75,8.25,
02000599,4.80,6.00,5.00,-1,-1,-1,6.00,8.00,8.00,
02000600,6.00,7.00,9.40,4.50,5.50,6.25,-1,-1,-1,
02000601,8.20,7.25,7.60,7.25,8.50,5.25,-1,-1,-1,
02000602,8.00,7.75,9.60,6.25,5.25,5.50,-1,-1,-1,
02000603,6.00,7.50,5.40,8.00,6.75,6.00,-1,-1,-1,
02000604,8.60,7.75,8.40,8.25,5.50,6.00,-1,-1,-1,
02000605,8.00,7.25,8.60,-1,-1,-1,6.25,6.75,7.75,
02000606,6.00,8.00,7.20,-1,-1,-1,6.75,7.50,8.75,
02000607,7.80,7.75,9.00,8.25,7.75,7.25,-1,-1,-1,
02000608,6.60,7.25,7.20,-1,-1,-1,6.00,8.00,9.00,
02000609,7.20,8.25,7.40,-1,-1,-1,7.50,7.50,8.75,
02000610,4.60,5.50,3.00,-1,-1,-1,5.00,4.75,6.50,
02000611,8.40,8.00,9.80,7.75,9.25,8.25,-1,-1,-1,
02000612,7.00,7.50,6.00,-1,-1,-1,5.50,7.25,7.50,
02000613,8.40,7.50,7.80,7.50,5.25,5.50,-1,-1,-1,
02000614,8.40,6.50,8.60,6.00,7.00,6.75,-1,-1,-1,
02000615,8.80,8.50,9.00,-1,-1,-1,8.75,7.50,9.25,
02000616,8.00,5.25,9.60,7.25,7.50,5.50,-1,-1,-1,
02000617,8.40,7.25,8.00,5.75,6.00,6.00,-1,-1,-1,
02000618,8.00,8.00,9.20,-1,-1,-1,8.00,9.00,9.25,
02000619,5.00,7.00,8.80,-1,-1,-1,6.50,6.75,7.00,
02000620,7.80,5.75,6.00,7.00,5.00,6.00,-1,-1,-1,
02000621,9.00,6.25,8.60,3.75,8.25,8.50,-1,-1,-1,
02000622,8.40,6.00,9.80,7.50,6.75,7.00,-1,-1,-1,
02000623,7.40,5.50,5.20,-1,-1,-1,5.75,8.00,8.25,
02000624,8.80,7.75,6.60,6.75,7.25,6.50,-1,-1,-1,
02000625,7.60,6.50,9.00,-1,-1,-1,7.75,6.00,7.50,
02000626,8.40,6.00,7.20,-1,-1,-1,7.25,7.75,8.50,
02000627,8.20,6.50,8.60,7.00,4.75,5.00,-1,-1,-1,
02000628,8.60,6.50,5.00,4.75,3.75,3.75,-1,-1,-1,
02000629,6.40,6.25,3.60,4.00,6.00,5.25,-1,-1,-1,
02000630,5.60,6.00,3.20,-1,-1,-1,5.50,4.75,5.75,
02000631,8.40,7.50,9.20,7.50,8.00,6.75,-1,-1,-1,
02000632,7.20,6.25,7.60,5.00,7.00,4.50,-1,-1,-1,
02000633,7.80,5.50,5.00,3.25,6.25,7.25,-1,-1,-1,
02000634,8.00,6.50,6.20,4.75,7.75,8.00,-1,-1,-1,
02000635,7.20,3.75,9.00,-1,-1,-1,7.00,8.00,8.00,
02000636,8.40,7.50,9.20,8.25,6.25,6.00,-1,-1,-1,
02000637,8.60,7.75,9.20,7.50,9.50,6.25,-1,-1,-1,
02000638,7.00,7.50,8.00,-1,-1,-1,7.25,6.50,8.00,
02000639,7.60,8.00,7.80,6.75,4.75,5.00,-1,-1,-1,
02000640,5.80,7.50,8.00,-1,-1,-1,4.50,6.75,8.75,
02000641,6.80,7.75,7.60,5.75,3.50,5.75,-1,-1,-1,
02000642,8.40,8.50,9.60,-1,-1,-1,8.00,8.50,9.75,
02000643,6.40,8.00,8.00,4.25,7.00,5.50,-1,-1,-1,
02000644,7.60,6.50,6.80,5.00,4.50,5.00,-1,-1,-1,
02000645,7.40,6.00,8.40,-1,-1,-1,6.75,7.50,8.00,
02000646,8.80,8.00,9.00,-1,-1,-1,8.25,8.00,8.75,
02000647,6.00,4.50,6.20,-1,-1,-1,4.25,5.75,4.75,
02000648,8.20,6.50,8.40,-1,-1,-1,6.00,7.75,8.00,
02000649,8.20,7.75,8.80,5.25,5.75,3.50,-1,-1,-1,
02000650,7.40,7.25,8.60,-1,-1,-1,7.50,7.50,8.75,
02000651,5.60,7.00,5.80,3.50,4.50,5.25,-1,-1,-1,
02000652,8.40,7.75,9.20,6.50,5.25,6.25,-1,-1,-1,
02000653,8.40,9.25,8.60,-1,-1,-1,8.00,7.25,8.00,
02000654,7.00,7.25,7.80,-1,-1,-1,7.00,7.50,7.75,
02000655,6.00,6.25,3.80,4.25,4.50,5.75,-1,-1,-1,
02000656,8.20,8.00,8.80,-1,-1,-1,6.25,7.50,7.50,
02000657,7.00,7.00,7.60,3.50,7.25,8.25,-1,-1,-1,
02000658,8.40,5.50,8.20,-1,-1,-1,7.25,5.75,7.75,
02000659,7.20,6.75,7.20,-1,-1,-1,6.00,7.50,8.25,
02000660,9.00,8.25,8.20,-1,-1,-1,7.75,6.25,7.25,
02000661,7.80,7.25,9.40,8.00,3.75,6.50,-1,-1,-1,
02000662,8.00,8.00,9.00,7.00,5.25,5.50,-1,-1,-1,
02000663,8.00,6.00,8.80,6.75,6.75,6.50,-1,-1,-1,
02000664,5.80,7.25,7.80,7.50,6.25,6.25,-1,-1,-1,
02000665,7.20,6.00,9.40,7.75,4.50,6.25,-1,-1,-1,
02000666,8.80,7.50,8.40,-1,-1,-1,7.50,8.00,8.50,
02000667,8.40,7.25,9.40,7.25,6.25,6.50,-1,-1,-1,
02000668,5.60,7.50,-1,-1,-1,-1,8.25,8.75,8.75,
02000669,9.00,7.50,10.00,9.25,7.25,8.00,-1,-1,-1,
02000670,8.00,5.25,9.80,8.00,6.25,4.75,-1,-1,-1,
02000671,7.80,4.25,6.80,7.75,7.00,4.75,-1,-1,-1,
02000672,8.20,5.75,7.40,8.00,2.50,5.00,-1,-1,-1,
02000673,8.80,7.50,9.80,5.50,7.75,7.50,-1,-1,-1,
02000674,8.80,6.00,-1,7.25,9.25,7.75,-1,-1,-1,
02000675,5.60,6.75,7.80,3.75,5.50,5.50,-1,-1,-1,
02000676,8.60,8.00,8.60,-1,-1,-1,7.50,8.75,8.00,
02000677,8.40,8.25,9.40,7.25,6.25,6.25,-1,-1,-1,
02000678,6.60,6.50,-1,-1,-1,-1,6.00,8.75,8.25,
02000679,8.00,7.50,6.20,6.25,8.00,5.00,-1,-1,-1,
02000680,7.00,7.50,-1,-1,-1,-1,8.75,8.25,9.25,
02000681,7.20,7.50,8.80,-1,-1,-1,7.25,7.50,7.75,
02000682,8.00,7.50,7.80,6.75,4.00,4.00,-1,-1,-1,
02000683,7.20,7.75,8.40,-1,-1,-1,8.25,7.75,8.75,
02000684,6.60,7.25,-1,2.75,6.25,5.25,-1,-1,-1,
02000685,7.20,6.50,8.80,7.50,4.75,6.25,-1,-1,-1,
02000686,8.40,6.75,8.40,7.75,4.50,6.25,-1,-1,-1,
02000687,6.60,6.00,7.00,4.00,4.75,5.00,-1,-1,-1,
02000688,8.20,5.75,9.60,4.00,8.25,8.75,-1,-1,-1,
02000689,7.00,6.00,7.00,4.75,5.25,4.25,-1,-1,-1,
02000690,7.60,5.75,6.00,6.00,6.00,5.00,-1,-1,-1,
02000691,7.80,6.25,8.00,6.75,5.25,3.50,-1,-1,-1,
02000692,7.80,7.00,8.80,7.25,4.75,7.00,-1,-1,-1,
02000693,8.00,7.00,8.80,7.00,6.75,5.75,-1,-1,-1,
02000694,7.80,6.50,7.00,6.00,9.00,5.75,-1,-1,-1,
02000695,6.40,6.75,8.00,-1,-1,-1,7.25,5.75,7.50,
02000696,7.40,6.75,7.80,-1,-1,-1,7.00,7.75,9.50,
02000697,7.40,7.75,9.00,-1,-1,-1,8.00,8.25,9.50,
02000698,6.60,7.00,7.20,5.25,5.50,5.25,-1,-1,-1,
02000699,7.20,7.25,9.20,2.50,7.25,3.75,-1,-1,-1,
02000700,7.40,8.00,7.60,-1,-1,-1,8.00,8.50,7.50,
02000701,8.60,7.25,7.80,7.00,9.00,8.25,-1,-1,-1,
02000702,7.00,7.50,6.80,4.50,7.75,5.25,-1,-1,-1,
02000703,6.80,7.00,-1,-1,-1,-1,7.00,8.00,8.75,
02000704,8.20,8.00,8.60,5.25,8.75,8.50,-1,-1,-1,
02000705,8.00,8.00,8.80,7.75,7.25,7.00,-1,-1,-1,
02000706,8.00,6.50,8.20,7.00,7.75,5.75,-1,-1,-1,
02000707,7.00,8.00,8.80,-1,-1,-1,7.75,9.00,8.25,
02000708,8.40,8.00,7.00,-1,-1,-1,7.75,6.50,8.75,
02000709,7.60,7.75,8.40,-1,-1,-1,9.50,10.00,9.25,
02000710,4.20,7.50,9.20,-1,-1,-1,5.75,7.00,8.25,
02000711,8.20,8.25,8.40,7.00,6.25,4.50,-1,-1,-1,
02000712,8.00,6.50,8.40,3.25,7.75,8.25,-1,-1,-1,
02000713,7.40,8.00,9.00,7.00,7.25,6.00,-1,-1,-1,
02000714,7.20,8.25,9.40,-1,-1,-1,7.00,7.25,8.50,
02000715,8.00,7.00,8.00,6.00,4.75,6.75,-1,-1,-1,
02000716,5.40,4.75,3.60,-1,-1,-1,4.50,6.00,6.25,
02000717,7.00,7.25,8.40,-1,-1,-1,6.00,5.75,7.75,
02000718,7.60,7.75,8.60,-1,-1,-1,6.50,6.50,8.75,
02000719,7.40,8.00,8.00,-1,-1,-1,6.75,8.50,9.25,
02000720,8.00,5.50,-1,6.25,8.25,6.00,-1,-1,-1,
02000721,8.00,7.00,-1,-1,-1,-1,6.75,9.00,9.50,
02000722,5.40,7.25,4.40,-1,-1,-1,5.00,5.50,7.25,
02000723,7.00,8.00,9.40,-1,-1,-1,6.75,7.50,9.50,
02000724,5.00,5.00,2.00,-1,-1,-1,4.25,5.00,6.00,
02000725,8.80,8.00,-1,7.25,7.25,7.00,-1,-1,-1,
02000726,8.20,9.00,9.40,-1,-1,-1,8.50,6.25,9.25,
02000727,6.20,7.25,8.60,-1,-1,-1,8.75,6.75,8.25,
02000728,7.80,5.25,8.00,-1,-1,-1,5.00,5.75,7.25,
02000729,7.40,7.00,8.80,-1,-1,-1,8.75,7.75,8.25,
02000730,6.80,7.00,8.60,-1,-1,-1,8.50,7.75,8.00,
02000731,5.00,6.25,9.00,-1,-1,-1,6.50,6.50,8.00,
02000732,8.20,8.25,9.40,-1,-1,-1,7.50,7.25,8.25,
02000733,5.60,7.50,-1,4.00,5.00,5.75,-1,-1,-1,
02000734,8.00,6.00,-1,8.00,8.50,6.25,-1,-1,-1,
02000735,9.00,8.25,8.80,-1,-1,-1,7.25,8.50,8.25,
02000736,8.40,7.75,-1,8.00,8.75,7.00,-1,-1,-1,
02000737,7.80,7.25,8.40,-1,-1,-1,6.50,6.75,7.50,
02000738,8.00,5.25,-1,5.50,8.00,5.50,-1,-1,-1,
02000739,8.60,6.00,-1,6.75,8.75,6.75,-1,-1,-1,
02000740,7.40,6.00,-1,6.75,6.00,6.00,-1,-1,-1,
02000741,7.20,7.75,10.00,-1,-1,-1,9.50,9.50,9.00,
02000742,6.60,7.25,8.60,-1,-1,-1,7.25,7.25,8.75,
02000743,7.80,6.75,9.60,-1,-1,-1,7.25,8.75,9.00,
02000744,8.60,7.00,-1,7.00,7.50,5.00,-1,-1,-1,
02000745,6.80,7.75,-1,6.75,5.00,6.25,-1,-1,-1,
02000746,7.40,7.00,10.00,-1,-1,-1,9.00,8.50,8.50,
02000747,5.40,6.75,6.20,-1,-1,-1,4.50,7.00,8.75,
02000748,5.00,3.75,-1,4.75,6.00,5.75,-1,-1,-1,
02000749,7.00,6.00,-1,6.50,6.00,5.50,-1,-1,-1,
02000750,6.40,6.75,7.80,5.75,3.25,6.00,-1,-1,-1,
02000751,8.80,7.25,-1,7.50,7.75,5.75,-1,-1,-1,
02000752,8.20,8.50,9.20,-1,-1,-1,8.50,8.25,9.00,
02000753,7.80,6.00,7.80,4.00,7.50,8.00,-1,-1,-1,
02000754,6.60,6.75,6.80,-1,-1,-1,7.00,7.75,8.50,
02000755,7.80,6.75,7.60,-1,-1,-1,7.25,7.00,8.50,
02000756,9.40,6.50,9.40,8.25,8.25,7.00,-1,-1,-1,
02000757,7.80,5.00,6.80,5.75,6.75,6.25,-1,-1,-1,
02000758,8.60,6.50,9.60,8.25,6.25,6.25,-1,-1,-1,
02000759,8.80,5.25,9.00,3.00,6.50,4.00,-1,-1,-1,
02000760,7.60,6.50,-1,8.75,9.25,6.50,-1,-1,-1,
02000761,8.20,4.50,-1,5.50,8.25,7.25,-1,-1,-1,
02000762,7.80,7.75,8.60,4.75,7.75,5.75,-1,-1,-1,
02000763,5.60,6.25,6.40,-1,-1,-1,5.00,7.25,8.75,
02000764,7.20,8.25,8.00,-1,-1,-1,8.00,7.75,7.50,
02000765,8.60,7.25,9.60,-1,-1,-1,8.25,7.75,8.75,
02000766,8.80,6.50,-1,6.25,9.00,8.75,-1,-1,-1,
02000767,8.40,8.25,7.60,5.25,8.25,7.00,-1,-1,-1,
02000768,9.00,7.75,9.40,4.25,8.25,5.75,-1,-1,-1,
02000769,8.40,7.00,9.60,-1,-1,-1,7.25,8.50,9.00,
02000770,7.60,6.50,8.60,6.75,6.00,6.25,-1,-1,-1,
02000771,8.80,8.75,9.80,-1,-1,-1,8.25,9.00,9.00,
02000772,7.80,8.00,9.00,-1,-1,-1,8.75,6.75,9.00,
02000773,8.80,6.25,9.40,5.75,9.00,8.25,-1,-1,-1,
02000774,6.20,7.50,9.20,-1,-1,-1,7.75,6.50,8.75,
02000775,8.20,6.50,8.80,5.25,9.00,7.50,-1,-1,-1,
02000776,7.80,7.00,5.80,7.50,7.50,7.25,-1,-1,-1,
02000777,3.80,5.50,4.60,4.50,5.50,5.75,-1,-1,-1,
02000778,5.80,5.75,7.80,3.50,3.50,2.75,-1,-1,-1,
02000779,2.80,7.25,8.20,-1,-1,-1,5.75,7.25,8.00,
02000780,8.20,3.25,9.80,7.50,4.75,5.50,-1,-1,-1,
02000781,6.80,6.25,8.40,4.50,7.00,5.50,-1,-1,-1,
02000782,7.80,6.25,9.00,4.75,8.75,8.75,-1,-1,-1,
02000783,8.80,7.75,9.00,7.50,6.50,7.25,-1,-1,-1,
02000784,5.40,4.50,3.60,-1,-1,-1,6.00,6.25,8.00,
02000785,5.20,6.25,7.60,4.00,4.75,5.00,-1,-1,-1,
02000786,5.40,6.75,6.20,-1,-1,-1,10.00,8.75,7.75,
02000787,6.80,7.25,-1,6.25,7.50,7.00,-1,-1,-1,
02000788,5.40,7.25,4.60,-1,-1,-1,5.75,8.00,8.00,
02000789,8.40,8.00,9.20,-1,-1,-1,8.25,8.75,7.50,
02000790,8.60,8.25,-1,3.50,8.75,8.50,-1,-1,-1,
02000791,8.20,5.75,9.80,7.00,7.50,7.00,-1,-1,-1,
02000792,8.20,6.50,-1,6.75,7.75,4.75,-1,-1,-1,
02000793,5.00,7.25,9.00,-1,-1,-1,8.00,7.75,8.50,
02000794,7.00,7.00,-1,-1,-1,-1,8.25,8.00,8.25,
02000795,6.80,7.00,8.80,-1,-1,-1,7.00,6.75,7.50,
02000796,8.00,8.50,9.20,-1,-1,-1,7.50,7.25,9.00,
02000797,8.40,7.50,8.00,5.75,8.50,7.50,-1,-1,-1,
02000798,6.40,6.00,7.40,-1,-1,-1,8.25,6.75,8.75,
02000799,7.00,6.25,9.00,-1,-1,-1,7.50,8.50,7.50,
02000800,3.80,5.50,3.00,-1,-1,-1,3.50,5.25,6.50,
02000801,6.60,6.75,8.20,4.00,5.00,7.25,-1,-1,-1,
02000802,8.00,6.75,8.80,-1,-1,-1,6.75,6.50,7.25,
02000803,7.00,8.00,8.40,-1,-1,-1,5.25,6.75,8.75,
02000804,8.20,7.75,8.20,6.50,6.00,7.00,-1,-1,-1,
02000805,9.00,7.50,8.80,7.25,6.75,6.25,-1,-1,-1,
02000806,7.00,7.00,9.40,-1,-1,-1,7.25,7.50,8.00,
02000807,8.20,6.75,9.80,7.00,8.25,8.00,-1,-1,-1,
02000808,7.20,7.00,-1,7.50,7.75,7.50,-1,-1,-1,
02000809,8.80,7.25,10.00,8.00,5.50,5.50,-1,-1,-1,
02000810,8.20,5.75,-1,4.50,9.25,9.75,-1,-1,-1,
02000811,8.00,6.75,9.60,7.50,4.25,4.25,-1,-1,-1,
02000812,8.20,6.00,8.60,6.25,4.25,5.00,-1,-1,-1,
02000813,8.80,6.50,7.80,7.75,8.75,5.50,-1,-1,-1,
02000814,8.60,6.00,8.80,7.75,9.00,6.75,-1,-1,-1,
02000815,7.60,5.50,9.60,-1,-1,-1,6.00,7.50,8.25,
02000816,7.60,9.00,9.40,-1,-1,-1,7.75,8.75,8.50,
02000817,7.60,6.50,7.00,-1,-1,-1,7.00,6.00,7.75,
02000818,7.20,8.00,9.60,7.00,7.50,7.50,-1,-1,-1,
02000819,8.00,7.25,8.00,6.25,8.25,8.50,-1,-1,-1,
02000820,8.60,8.00,8.60,3.75,8.00,8.25,-1,-1,-1,
02000821,6.80,6.50,-1,-1,-1,-1,8.50,7.50,8.50,
02000822,7.40,5.25,8.60,4.75,4.50,4.75,-1,-1,-1,
02000823,8.40,5.75,8.20,8.00,9.25,6.25,-1,-1,-1,
02000824,9.00,4.50,-1,5.00,9.75,9.50,-1,-1,-1,
02000825,7.60,8.00,8.40,8.25,6.00,6.75,-1,-1,-1,
02000826,8.20,8.75,9.60,-1,-1,-1,7.75,9.25,9.25,
02000827,7.00,6.75,8.40,-1,-1,-1,7.25,6.75,9.25,
02000828,8.60,7.50,-1,6.50,9.00,9.00,-1,-1,-1,
02000829,8.00,8.25,8.60,6.75,5.75,4.50,-1,-1,-1,
02000830,9.00,6.75,-1,-1,-1,-1,7.50,9.25,8.75,
02000831,7.40,7.75,-1,7.00,7.75,6.25,-1,-1,-1,
02000832,8.20,6.50,8.00,6.75,7.50,5.25,-1,-1,-1,
02000833,7.80,6.00,7.20,6.50,7.00,6.00,-1,-1,-1,
02000834,7.40,8.75,8.20,6.25,4.75,5.25,-1,-1,-1,
02000835,8.80,4.50,8.20,6.50,7.25,5.00,-1,-1,-1,
02000836,8.00,7.25,4.80,8.50,8.00,7.25,-1,-1,-1,
02000837,7.40,7.50,8.40,-1,-1,-1,7.00,7.50,9.00,
02000838,4.60,6.50,3.20,-1,-1,-1,4.50,5.50,6.75,
02000839,6.60,8.00,7.60,-1,-1,-1,7.75,7.50,8.75,
02000840,9.00,6.75,9.60,5.00,9.00,9.00,-1,-1,-1,
02000841,7.60,8.50,9.00,-1,-1,-1,7.00,7.50,7.50,
02000842,7.60,7.75,8.20,6.25,8.00,6.25,-1,-1,-1,
02000843,7.40,8.00,9.20,-1,-1,-1,7.50,8.75,8.25,
02000844,7.40,8.00,9.00,-1,-1,-1,7.50,6.75,8.00,
02000845,7.20,8.00,-1,-1,-1,-1,5.75,7.25,8.50,
02000846,7.40,8.75,-1,-1,-1,-1,7.50,7.75,9.50,
02000847,7.60,8.25,7.60,-1,-1,-1,7.00,7.50,7.25,
02000848,8.00,7.50,8.40,8.00,8.25,6.00,-1,-1,-1,
02000849,8.00,6.75,6.00,2.75,8.25,8.25,-1,-1,-1,
02000850,8.60,8.00,9.00,7.00,4.50,5.25,-1,-1,-1,
02000851,6.60,6.50,-1,-1,-1,-1,5.75,7.25,7.25,
02000852,7.20,8.25,7.80,-1,-1,-1,7.00,7.00,9.75,
02000853,7.80,6.00,8.40,8.00,4.00,3.75,-1,-1,-1,
02000854,7.40,4.50,5.40,6.00,7.50,6.00,-1,-1,-1,
02000855,7.80,4.50,-1,6.50,7.25,7.75,-1,-1,-1,
02000856,6.40,6.50,7.80,-1,-1,-1,8.00,8.75,9.25,
02000857,7.80,7.50,-1,-1,-1,-1,7.00,6.75,9.25,
02000858,6.40,5.75,8.40,6.00,4.25,6.00,-1,-1,-1,
02000859,8.80,6.25,9.20,8.00,7.25,7.25,-1,-1,-1,
02000860,6.80,4.00,-1,6.25,5.00,4.25,-1,-1,-1,
02000861,8.00,6.00,6.80,7.75,8.00,4.75,-1,-1,-1,
02000862,6.60,5.50,9.40,5.50,4.25,4.50,-1,-1,-1,
02000863,7.40,5.25,6.80,5.50,5.75,5.50,-1,-1,-1,
02000864,7.40,8.00,-1,6.00,8.25,7.25,-1,-1,-1,
02000865,7.60,7.50,7.40,-1,-1,-1,7.25,7.00,8.75,
02000866,7.80,8.00,8.80,4.50,9.00,9.25,-1,-1,-1,
02000867,7.60,7.25,9.20,6.75,8.50,4.75,-1,-1,-1,
02000868,7.60,7.75,5.00,7.25,6.75,7.50,-1,-1,-1,
02000869,7.40,7.50,6.40,-1,-1,-1,8.00,7.00,8.50,
02000870,8.40,7.00,8.40,8.00,8.25,6.25,-1,-1,-1,
02000871,6.40,6.75,7.60,4.25,6.25,4.00,-1,-1,-1,
02000872,8.40,7.00,8.60,2.75,9.75,8.25,-1,-1,-1,
02000873,6.20,6.00,5.80,-1,-1,-1,7.50,7.25,8.25,
02000874,5.20,5.50,8.80,-1,-1,-1,5.75,6.75,5.25,
02000875,7.20,6.00,6.20,7.25,5.75,5.50,-1,-1,-1,
02000876,9.00,7.00,6.60,-1,-1,-1,7.75,8.25,8.25,
02000877,7.40,7.50,9.80,4.50,3.75,6.00,-1,-1,-1,
02000878,7.40,3.75,9.00,4.25,4.25,4.00,-1,-1,-1,
02000879,7.80,5.75,8.60,5.50,6.50,6.50,-1,-1,-1,
02000880,5.00,7.50,6.60,4.00,5.75,5.00,-1,-1,-1,
02000881,7.60,7.75,9.20,-1,-1,-1,9.00,7.25,8.50,
02000882,6.20,6.00,7.60,-1,-1,-1,7.50,7.25,8.75,
02000883,8.20,7.75,7.20,8.50,9.00,5.50,-1,-1,-1,
02000884,7.80,5.75,-1,5.25,8.00,8.50,-1,-1,-1,
02000885,8.00,6.25,8.40,3.50,8.25,8.50,-1,-1,-1,
02000886,7.40,7.00,-1,3.75,6.25,6.50,-1,-1,-1,
02000887,8.80,8.25,8.60,4.75,8.00,8.75,-1,-1,-1,
02000888,7.60,4.75,7.00,3.25,4.25,4.75,-1,-1,-1,
02000889,7.60,7.25,9.40,5.50,4.75,5.50,-1,-1,-1,
02000890,7.00,4.50,8.00,-1,-1,-1,7.25,7.50,8.75,
02000891,7.60,6.50,9.20,7.50,5.50,6.50,-1,-1,-1,
02000892,7.80,9.00,9.00,-1,-1,-1,7.75,9.00,9.00,
02000893,8.80,5.75,9.00,-1,-1,-1,8.25,8.50,9.50,
02000894,6.80,6.00,-1,-1,-1,-1,6.25,6.50,7.50,
02000895,8.40,7.50,8.40,6.75,5.75,6.50,-1,-1,-1,
02000896,8.20,6.00,9.60,7.75,6.25,5.50,-1,-1,-1,
02000897,6.40,6.25,7.80,-1,-1,-1,6.00,7.75,8.00,
02000898,5.80,7.25,-1,-1,-1,-1,8.50,8.50,9.00,
02000899,7.80,7.75,9.40,-1,-1,-1,8.25,8.50,9.00,
02000900,7.40,7.50,4.80,4.50,7.25,7.00,-1,-1,-1,
02000901,6.80,8.00,8.20,-1,-1,-1,7.25,6.75,8.50,
02000902,8.20,8.00,9.40,-1,-1,-1,7.00,8.00,8.00,
02000903,8.20,7.25,-1,6.25,8.00,6.50,-1,-1,-1,
02000904,7.80,8.25,9.20,6.50,7.75,6.00,-1,-1,-1,
02000905,8.60,6.50,8.00,8.25,5.25,6.75,-1,-1,-1,
02000906,7.20,6.50,3.80,7.00,6.00,4.50,-1,-1,-1,
02000907,7.00,7.50,9.20,4.00,7.50,7.50,-1,-1,-1,
02000908,7.00,8.25,6.40,-1,-1,-1,7.00,7.50,8.25,
02000909,8.20,7.50,8.40,7.00,6.50,7.00,-1,-1,-1,
02000910,7.80,7.50,8.80,7.75,5.25,6.00,-1,-1,-1,
02000911,8.60,8.75,9.20,-1,-1,-1,9.25,9.00,9.25,
02000912,6.80,8.00,8.40,-1,-1,-1,6.50,7.25,8.75,
02000913,6.00,8.25,-1,-1,-1,-1,5.75,7.50,9.25,
02000914,6.60,5.50,8.80,6.00,4.50,4.75,-1,-1,-1,
02000915,8.60,6.50,8.80,4.25,8.75,8.50,-1,-1,-1,
02000916,7.20,8.00,-1,-1,-1,-1,7.00,8.50,8.25,
02000917,7.00,6.25,7.20,-1,-1,-1,4.25,6.00,6.75,
02000918,9.40,7.00,8.60,6.50,5.50,7.75,-1,-1,-1,
02000919,8.20,3.50,6.20,7.75,8.00,4.50,-1,-1,-1,
02000920,7.60,7.50,5.80,6.75,3.25,5.00,-1,-1,-1,
02000921,8.40,8.00,8.40,8.00,7.00,6.50,-1,-1,-1,
02000922,8.00,8.00,8.80,-1,-1,-1,6.00,6.25,8.50,
02000923,8.00,7.25,7.40,5.75,7.50,7.00,-1,-1,-1,
02000924,8.20,8.50,8.60,2.50,8.50,7.50,-1,-1,-1,
02000925,8.00,5.25,8.80,8.25,3.00,6.00,-1,-1,-1,
02000926,8.00,7.25,9.60,-1,-1,-1,7.25,8.75,8.50,
02000927,3.60,4.75,2.40,-1,-1,-1,7.25,6.00,8.25,
02000928,5.80,7.25,8.00,-1,-1,-1,8.25,7.75,8.00,
02000929,7.80,8.25,8.60,5.50,8.50,6.00,-1,-1,-1,
02000930,7.80,6.25,8.00,6.00,8.75,6.50,-1,-1,-1,
02000931,6.20,6.25,-1,-1,-1,-1,7.50,8.00,9.00,
02000932,8.00,8.00,9.00,-1,-1,-1,9.00,8.50,8.75,
02000933,7.60,6.00,7.00,-1,-1,-1,6.50,7.75,8.50,
02000934,7.80,7.75,7.40,8.50,7.00,5.00,-1,-1,-1,
02000935,7.00,7.75,8.60,-1,-1,-1,8.50,8.50,8.75,
02000936,6.80,8.25,7.00,4.25,6.75,7.50,-1,-1,-1,
02000937,7.00,7.00,6.80,-1,-1,-1,5.25,6.00,7.25,
02000938,6.00,6.25,3.80,-1,-1,-1,8.50,6.75,8.75,
02000939,7.80,7.50,8.80,-1,-1,-1,6.50,7.00,8.00,
02000940,8.20,7.50,9.20,2.75,7.00,7.75,-1,-1,-1,
02000941,6.80,7.50,8.40,7.25,4.25,5.00,-1,-1,-1,
02000942,8.00,5.75,9.40,7.00,5.00,5.00,-1,-1,-1,
02000943,8.00,6.25,-1,4.25,7.75,6.00,-1,-1,-1,
02000944,6.00,7.25,8.20,-1,-1,-1,6.25,7.75,9.00,
02000945,7.20,8.25,7.40,-1,-1,-1,6.25,6.50,8.25,
02000946,8.60,7.50,8.80,8.50,8.50,7.25,-1,-1,-1,
02000947,7.20,8.00,8.60,5.75,5.50,4.75,-1,-1,-1,
02000948,7.00,8.00,8.00,-1,-1,-1,7.75,7.50,9.25,
02000949,7.80,6.50,6.60,5.50,7.00,6.00,-1,-1,-1,
02000950,8.20,6.75,8.40,3.00,4.75,5.00,-1,-1,-1,
02000951,7.60,9.00,9.60,-1,-1,-1,7.50,8.25,9.00,
02000952,8.20,7.50,-1,4.25,8.75,8.25,-1,-1,-1,
02000953,7.80,7.50,8.80,-1,-1,-1,7.75,8.00,9.00,
02000954,6.60,7.75,8.40,-1,-1,-1,8.25,7.50,9.25,
02000955,6.80,6.00,-1,5.00,5.25,6.50,-1,-1,-1,
02000956,5.80,6.75,5.00,-1,-1,-1,3.50,5.50,6.25,
02000957,4.40,5.25,3.00,2.50,3.00,5.25,-1,-1,-1,
02000958,8.20,7.75,9.60,5.75,9.25,9.25,-1,-1,-1,
02000959,7.40,8.25,8.80,-1,-1,-1,7.50,7.50,7.50,
02000960,9.00,5.50,8.80,8.00,4.75,5.00,-1,-1,-1,
02000961,7.40,7.00,7.20,6.25,7.00,4.75,-1,-1,-1,
02000962,8.20,6.25,-1,6.75,7.25,6.50,-1,-1,-1,
02000963,6.00,5.25,3.80,-1,-1,-1,4.50,4.50,7.25,
02000964,8.80,6.75,8.00,6.50,5.25,7.00,-1,-1,-1,
02000965,7.00,6.75,7.60,-1,-1,-1,5.50,5.75,6.50,
02000966,7.40,7.25,7.40,7.00,8.50,5.75,-1,-1,-1,
02000967,7.60,6.50,8.20,4.25,3.75,6.25,-1,-1,-1,
02000968,6.40,6.00,8.40,-1,-1,-1,7.25,7.00,8.25,
02000969,6.40,7.50,6.40,-1,-1,-1,6.50,6.25,7.00,
02000970,7.60,6.00,9.20,5.75,7.00,7.75,-1,-1,-1,
02000971,8.80,6.50,7.80,8.50,8.25,6.75,-1,-1,-1,
02000972,7.60,9.00,9.60,-1,-1,-1,7.50,9.75,9.50,
02000973,8.00,7.00,8.40,3.75,8.00,7.00,-1,-1,-1,
02000974,8.20,7.00,9.40,7.00,7.00,6.75,-1,-1,-1,
02000975,8.80,7.00,8.40,6.75,5.00,5.00,-1,-1,-1,
02000976,7.60,8.75,9.60,7.50,5.50,7.25,-1,-1,-1,
02000977,6.60,7.25,7.80,-1,-1,-1,7.25,7.25,8.50,
02000978,5.60,7.50,8.00,5.25,5.25,5.50,-1,-1,-1,
02000979,5.80,7.50,7.40,-1,-1,-1,6.75,7.50,8.00,
02000980,7.80,7.25,7.20,8.00,7.75,6.75,-1,-1,-1,
02000981,6.60,8.75,6.40,4.00,8.00,6.25,-1,-1,-1,
02000982,7.20,7.00,7.40,6.50,5.25,5.50,-1,-1,-1,
02000983,7.80,7.75,8.60,-1,-1,-1,8.50,7.75,9.00,
02000984,6.80,6.75,7.00,-1,-1,-1,7.00,6.75,8.25,
02000985,7.60,7.75,5.80,-1,-1,-1,7.50,8.00,8.00,
02000986,7.20,9.00,8.80,-1,-1,-1,8.25,8.00,8.75,
02000987,6.60,7.00,8.00,-1,-1,-1,8.00,7.75,9.00,
02000988,7.00,8.00,7.20,5.75,4.50,4.25,-1,-1,-1,
02000989,8.60,8.00,8.80,9.00,7.00,7.75,-1,-1,-1,
02000990,8.40,8.00,8.00,8.00,8.00,6.75,-1,-1,-1,
02000991,8.80,8.00,9.00,7.00,4.50,5.50,-1,-1,-1,
02000992,5.60,7.50,4.80,-1,-1,-1,7.00,6.50,7.00,
02000993,8.80,7.50,8.60,9.25,6.50,6.50,-1,-1,-1,
02000994,5.00,7.25,9.00,-1,-1,-1,5.00,6.00,7.75,
02000995,5.20,4.75,4.60,-1,-1,-1,6.25,6.50,8.00,
02000996,6.80,7.50,-1,5.00,6.25,8.50,-1,-1,-1,
02000997,8.00,6.75,9.20,7.50,5.25,5.75,-1,-1,-1,
02000998,7.60,6.50,5.80,4.50,8.25,7.25,-1,-1,-1,
02000999,7.20,6.50,9.20,-1,-1,-1,7.75,8.00,9.00,
02001000,8.20,7.00,9.60,4.25,4.75,4.75,-1,-1,-1,
02001001,6.00,6.00,7.00,-1,-1,-1,6.25,8.00,8.25,
02001002,8.20,7.00,9.60,5.75,8.75,8.75,-1,-1,-1,
02001003,8.40,7.00,8.40,7.25,7.75,7.00,-1,-1,-1,
02001004,6.20,7.50,9.40,6.25,5.25,6.50,-1,-1,-1,
02001005,8.00,7.50,9.00,4.00,7.00,8.25,-1,-1,-1,
02001006,7.80,5.50,8.00,7.75,4.25,5.75,-1,-1,-1,
02001007,8.00,6.75,6.40,3.25,9.00,8.50,-1,-1,-1,
02001008,8.60,7.25,8.40,-1,-1,-1,7.50,8.50,8.75,
02001009,7.60,8.00,8.20,-1,-1,-1,5.50,7.25,8.75,
02001010,8.60,7.25,6.80,8.00,4.50,6.50,-1,-1,-1,
